num crossings	time (s)	maj axis (mm)	min axis (mm)	theta (rad )	slope (V/s)
3889	4189.501892	70.329041	-13.612763	-0.560802	51.834417
3893	4193.671291	70.030954	-13.405173	-0.563252	50.470055
3895	4195.756903	69.995753	-13.284837	-0.563633	50.154880
3899	4199.923618	69.994765	-13.090676	-0.568028	49.717929
3901	4202.006598	69.885177	-12.985243	-0.571988	49.147628
3903	4204.090380	69.754346	-12.900284	-0.573558	52.041091
3907	4208.259405	69.411095	-12.720090	-0.576437	48.933238
3911	4212.429688	69.207475	-12.526412	-0.576370	51.016408
3915	4216.597832	69.206125	-12.302287	-0.581158	49.796473
3917	4218.680649	69.116052	-12.206179	-0.583478	51.153853
3921	4222.848174	68.876466	-12.036587	-0.586846	50.266035
3925	4227.016791	68.648291	-11.851976	-0.589046	49.144078
3929	4231.185482	68.410822	-11.675789	-0.592027	48.777412
3933	4235.355246	68.209011	-11.535372	-0.595186	49.835048
3935	4237.439623	68.237454	-11.457923	-0.596587	49.683516
3939	4241.606217	68.202766	-11.275004	-0.597253	49.830379
3943	4245.772720	67.875174	-11.099608	-0.597390	49.453726
3945	4247.857509	67.727984	-11.015616	-0.600100	47.988180
3949	4252.028047	67.545379	-10.836686	-0.604360	50.111392
3953	4256.196576	67.366094	-10.714743	-0.606599	49.795105
3955	4258.280411	67.324981	-10.649172	-0.607714	51.367153
3957	4260.364750	67.267875	-10.574860	-0.608929	50.365022
3961	4264.532079	67.055112	-10.443282	-0.610777	47.645496
3963	4266.616302	66.961376	-10.373021	-0.611975	49.475430
3967	4270.785074	66.700108	-10.232911	-0.613997	49.123709
3969	4272.868860	66.648942	-10.159208	-0.614497	48.017203
3973	4277.036991	66.540279	-9.990370	-0.616080	47.387463
3975	4279.120247	66.416250	-9.927875	-0.617894	48.888452
3977	4281.204085	66.424660	-9.854047	-0.620297	47.441697
3981	4285.369752	66.169804	-9.735175	-0.623285	47.828743
3983	4287.453944	66.111182	-9.682395	-0.624358	48.045332
3987	4291.623829	65.788329	-9.573139	-0.626306	46.999296
3989	4293.708663	65.694122	-9.513149	-0.626645	46.518414
3993	4297.877134	65.555889	-9.368444	-0.627202	47.021682
3995	4299.961205	65.495801	-9.303293	-0.628878	46.577929
3999	4304.128434	65.275502	-9.183850	-0.631778	46.520150
4001	4306.212346	65.199241	-9.120536	-0.632862	46.622473
4003	4308.296387	65.070447	-9.072925	-0.634110	45.861242
4005	4310.380529	64.978022	-9.024388	-0.635170	46.437539
4009	4314.548691	64.806969	-8.942078	-0.637466	46.432782
4011	4316.632395	64.741218	-8.896688	-0.638692	47.075192
4013	4318.715575	64.701361	-8.847598	-0.639524	46.337439
4017	4322.881448	64.550098	-8.712383	-0.638926	46.689049
4019	4324.964737	64.428213	-8.645797	-0.639219	45.905089
4023	4329.133253	64.127196	-8.528302	-0.642412	45.850655
4025	4331.217974	64.030170	-8.475182	-0.644136	46.197005
4029	4335.387283	63.850829	-8.383845	-0.645740	45.553775
4031	4337.471931	63.828146	-8.331938	-0.646050	46.165079
4035	4341.639692	63.661214	-8.252392	-0.647580	45.951994
4037	4343.723456	63.560173	-8.204815	-0.648555	44.904070
4041	4347.891373	63.303269	-8.119997	-0.650109	46.476384
4043	4349.975583	63.282730	-8.049329	-0.650238	45.795962
4045	4352.059493	63.203855	-7.997031	-0.650833	45.656610
4049	4356.226865	63.054602	-7.900313	-0.652374	44.092315
4051	4358.310644	62.987090	-7.849418	-0.653843	44.927715
4055	4362.476600	62.795868	-7.763953	-0.657023	44.180065
4057	4364.560038	62.717893	-7.729113	-0.658190	45.048290
4061	4368.726886	62.536920	-7.657539	-0.659816	43.337431
4063	4370.811343	62.484752	-7.616922	-0.660722	42.497614
4067	4374.980863	62.184424	-7.540533	-0.662200	43.364145
4069	4377.065213	62.098955	-7.487143	-0.662079	44.104967
4071	4379.149465	62.020289	-7.436473	-0.662223	43.940152
4075	4383.317452	61.891520	-7.339711	-0.663614	42.119548
4079	4387.485412	61.644132	-7.274582	-0.665640	42.862983
4083	4391.652543	61.474570	-7.182207	-0.667533	42.866034
4085	4393.736309	61.463239	-7.141596	-0.668464	41.987539
4089	4397.903373	61.341710	-7.073956	-0.670202	42.421544
4093	4402.069004	61.241588	-6.984858	-0.669941	43.257816
4095	4404.151995	61.130962	-6.940858	-0.669935	41.671526
4099	4408.319856	60.832609	-6.876429	-0.671287	41.847504
4101	4410.403909	60.748746	-6.827522	-0.673013	41.681141
4105	4414.572629	60.542527	-6.758213	-0.674994	41.938769
4107	4416.657370	60.491057	-6.717678	-0.675610	41.724028
4111	4420.825221	60.336757	-6.646548	-0.676182	41.490584
4115	4424.993621	60.151765	-6.579036	-0.677124	42.122451
4119	4429.161414	60.046253	-6.513816	-0.678088	41.215999
4121	4431.244894	59.947314	-6.485148	-0.678809	41.123466
4125	4435.412388	59.787945	-6.420787	-0.679909	40.839654
4127	4437.495645	59.696072	-6.389433	-0.680783	40.799464
4131	4441.662126	59.513059	-6.336119	-0.682928	41.258751
4133	4443.745517	59.435124	-6.298964	-0.683784	40.917242
4135	4445.828890	59.339942	-6.286401	-0.684640	40.890729
4137	4447.912590	59.270535	-6.256607	-0.685380	41.078735
4139	4449.995837	59.212133	-6.232120	-0.686115	40.024979
4143	4454.164388	59.022962	-6.182680	-0.687559	40.131948
4145	4456.248601	58.918456	-6.158376	-0.688373	39.243848
4147	4458.332991	58.776714	-6.132101	-0.688789	40.125882
4149	4460.417217	58.718490	-6.100471	-0.689069	38.804537
4153	4464.585593	58.491872	-6.060279	-0.689804	39.448238
4155	4466.669310	58.469536	-6.015683	-0.690575	38.463253
4157	4468.753747	58.379248	-5.983851	-0.691155	38.975448
4159	4470.836840	58.307945	-5.963670	-0.691852	38.803602
4163	4475.004155	58.192314	-5.919299	-0.693687	38.589423
4165	4477.086921	58.156613	-5.894733	-0.694651	37.987603
4167	4479.170329	58.083786	-5.877111	-0.694718	38.399371
4169	4481.253501	58.039677	-5.845028	-0.694654	38.082918
4173	4485.419536	57.846542	-5.779483	-0.694107	37.913359
4175	4487.502812	57.726650	-5.745966	-0.694341	37.239720
4177	4489.586538	57.610040	-5.720910	-0.694872	37.900887
4181	4493.755141	57.424792	-5.662300	-0.696929	37.530877
4183	4495.839405	57.328492	-5.635146	-0.697695	36.978793
4185	4497.923136	57.268846	-5.608898	-0.698408	38.165251
4187	4500.007368	57.172880	-5.601879	-0.699101	37.195606
4189	4502.091274	57.121237	-5.568390	-0.699484	38.284536
